f finf
1000 2.4399791e-09
1799.5992 7.9010902e-09
2599.1984 1.6478502e-08
3398.7976 2.8166824e-08
4198.3968 4.2962548e-08
4997.996 6.0856085e-08
5797.5952 8.1847557e-08
6597.1944 1.0591634e-07
7396.7936 1.3305839e-07
8196.3928 1.6325506e-07
8995.992 1.965e-07
9795.5912 2.3278012e-07
10595.19 2.7207454e-07
11394.79 3.1435962e-07
12194.389 3.5962352e-07
12993.988 4.0784789e-07
13793.587 4.5900037e-07
14593.186 5.1306663e-07
15392.786 5.7001446e-07
16192.385 6.2984291e-07
16991.984 6.9249285e-07
17791.583 7.5796007e-07
18591.182 8.261665e-07
19390.782 8.9711629e-07
20190.381 9.7083096e-07
20989.98 1.0472429e-06
21789.579 1.126294e-06
22589.178 1.2079494e-06
23388.778 1.2921749e-06
24188.377 1.3789331e-06
24987.976 1.4681778e-06
25787.575 1.559894e-06
26587.174 1.6540102e-06
27386.774 1.7505031e-06
28186.373 1.8493414e-06
28985.972 1.9504909e-06
29785.571 2.0539057e-06
30585.17 2.159537e-06
31384.77 2.2673407e-06
32184.369 2.3772543e-06
32983.968 2.4892456e-06
33783.567 2.6032438e-06
34583.166 2.7191761e-06
35382.766 2.8370587e-06
36182.365 2.9568083e-06
36981.964 3.0784058e-06
37781.563 3.2017877e-06
38581.162 3.3268983e-06
39380.762 3.4536874e-06
40180.361 3.5820926e-06
40979.96 3.7120604e-06
41779.559 3.8435019e-06
42579.158 3.9764529e-06
43378.758 4.1108332e-06
44178.357 4.2465706e-06
44977.956 4.3836396e-06
45777.555 4.5219227e-06
46577.154 4.6614224e-06
47376.754 4.8020828e-06
48176.353 4.9438434e-06
48975.952 5.0866372e-06
49775.551 5.2304112e-06
50575.15 5.3751662e-06
51374.749 5.5207818e-06
52174.349 5.6671871e-06
52973.948 5.8143709e-06
53773.547 5.9622761e-06
54573.146 6.110865e-06
55372.745 6.2600687e-06
56172.345 6.4098457e-06
56971.944 6.5601359e-06
57771.543 6.7108577e-06
58571.142 6.8619939e-06
59370.741 7.0134833e-06
60170.341 7.1652638e-06
60969.94 7.3173507e-06
61769.539 7.469636e-06
62569.138 7.6220865e-06
63368.737 7.7746644e-06
64168.337 7.9272933e-06
64967.936 8.0799121e-06
65767.535 8.2325341e-06
66567.134 8.3850777e-06
67366.733 8.5374552e-06
68166.333 8.6897239e-06
68965.932 8.8417471e-06
69765.531 8.9935718e-06
70565.13 9.1450819e-06
71364.729 9.2962549e-06
72164.329 9.4470349e-06
72963.928 9.5974192e-06
73763.527 9.7473706e-06
74563.126 9.8968218e-06
75362.725 1.0045722e-05
76162.325 1.0194102e-05
76961.924 1.0341854e-05
77761.523 1.0488978e-05
78561.122 1.0635505e-05
79360.721 1.0781257e-05
80160.321 1.0926277e-05
80959.92 1.1070595e-05
81759.519 1.1214052e-05
82559.118 1.1356728e-05
83358.717 1.149856e-05
84158.317 1.1639536e-05
84957.916 1.1779557e-05
85757.515 1.191877e-05
86557.114 1.2056963e-05
87356.713 1.2194221e-05
88156.313 1.2330475e-05
88955.912 1.2465746e-05
89755.511 1.2599966e-05
90555.11 1.2733159e-05
91354.709 1.2865332e-05
92154.309 1.2996332e-05
92953.908 1.3126219e-05
93753.507 1.3255012e-05
94553.106 1.3382747e-05
95352.705 1.3509359e-05
96152.305 1.363467e-05
96951.904 1.3758856e-05
97751.503 1.3881913e-05
98551.102 1.4003785e-05
99350.701 1.4124539e-05
100150.3 1.4243924e-05
100949.9 1.4362121e-05
101749.5 1.4479087e-05
102549.1 1.459482e-05
103348.7 1.4709347e-05
104148.3 1.4822606e-05
104947.9 1.493462e-05
105747.49 1.5045415e-05
106547.09 1.515494e-05
107346.69 1.5263114e-05
108146.29 1.5370064e-05
108945.89 1.5475659e-05
109745.49 1.5579984e-05
110545.09 1.5683148e-05
111344.69 1.5784916e-05
112144.29 1.5885516e-05
112943.89 1.5984689e-05
113743.49 1.6082633e-05
114543.09 1.6179232e-05
115342.69 1.6274494e-05
116142.28 1.6368551e-05
116941.88 1.6461248e-05
117741.48 1.6552702e-05
118541.08 1.6642727e-05
119340.68 1.6731392e-05
120140.28 1.6818875e-05
120939.88 1.6905e-05
121739.48 1.6989728e-05
122539.08 1.7073234e-05
123338.68 1.7155272e-05
124138.28 1.7236033e-05
124937.88 1.7315419e-05
125737.47 1.7393565e-05
126537.07 1.7470211e-05
127336.67 1.7545587e-05
128136.27 1.7619551e-05
128935.87 1.7692232e-05
129735.47 1.7763353e-05
130535.07 1.7833249e-05
131334.67 1.7901722e-05
132134.27 1.7968687e-05
132933.87 1.8034257e-05
133733.47 1.8098501e-05
134533.07 1.8161371e-05
135332.67 1.822279e-05
136132.26 1.828262e-05
136931.86 1.8340921e-05
137731.46 1.839787e-05
138531.06 1.8453273e-05
139330.66 1.8507223e-05
140130.26 1.8559684e-05
140929.86 1.861051e-05
141729.46 1.865982e-05
142529.06 1.8707624e-05
143328.66 1.8753694e-05
144128.26 1.8798306e-05
144927.86 1.8841328e-05
145727.45 1.8882564e-05
146527.05 1.8922102e-05
147326.65 1.896004e-05
148126.25 1.8996394e-05
148925.85 1.9031067e-05
149725.45 1.9063919e-05
150525.05 1.9094916e-05
151324.65 1.9124215e-05
152124.25 1.9151668e-05
152923.85 1.91773e-05
153723.45 1.9201234e-05
154523.05 1.9223139e-05
155322.65 1.9243244e-05
156122.24 1.926146e-05
156921.84 1.927767e-05
157721.44 1.9291919e-05
158521.04 1.9304195e-05
159320.64 1.9314536e-05
160120.24 1.9322722e-05
160919.84 1.9328841e-05
161719.44 1.9333053e-05
162519.04 1.9335042e-05
163318.64 1.9334895e-05
164118.24 1.9332644e-05
164917.84 1.9328153e-05
165717.43 1.9321451e-05
166517.03 1.9312721e-05
167316.63 1.930153e-05
168116.23 1.9288147e-05
168915.83 1.9272488e-05
169715.43 1.9254649e-05
170515.03 1.9234322e-05
171314.63 1.9211696e-05
172114.23 1.9186727e-05
172913.83 1.9159258e-05
173713.43 1.9129377e-05
174513.03 1.909719e-05
175312.63 1.9062521e-05
176112.22 1.9025353e-05
176911.82 1.8985667e-05
177711.42 1.8943546e-05
178511.02 1.8898894e-05
179310.62 1.8851721e-05
180110.22 1.8802094e-05
180909.82 1.8749875e-05
181709.42 1.8694706e-05
182509.02 1.8637357e-05
183308.62 1.8577328e-05
184108.22 1.8514871e-05
184907.82 1.8449621e-05
185707.41 1.8381981e-05
186507.01 1.8311509e-05
187306.61 1.8238533e-05
188106.21 1.8163016e-05
188905.81 1.8084744e-05
189705.41 1.8003814e-05
190505.01 1.7920622e-05
191304.61 1.7834592e-05
192104.21 1.7745852e-05
192903.81 1.7654645e-05
193703.41 1.7560896e-05
194503.01 1.7464648e-05
195302.61 1.7365578e-05
196102.2 1.726402e-05
196901.8 1.7160089e-05
197701.4 1.7053637e-05
198501 1.6944464e-05
199300.6 1.683296e-05
200100.2 1.6718982e-05
200899.8 1.6602539e-05
201699.4 1.6483619e-05
202499 1.6362576e-05
203298.6 1.6238746e-05
204098.2 1.6112727e-05
204897.8 1.5984618e-05
205697.39 1.5853999e-05
206496.99 1.5721387e-05
207296.59 1.5586341e-05
208096.19 1.5449432e-05
208895.79 1.5310426e-05
209695.39 1.5169184e-05
210494.99 1.5026e-05
211294.59 1.488066e-05
212094.19 1.4733874e-05
212893.79 1.4584665e-05
213693.39 1.4433931e-05
214492.99 1.4281649e-05
215292.59 1.4127429e-05
216092.18 1.3971676e-05
216891.78 1.3814337e-05
217691.38 1.3655678e-05
218490.98 1.3495568e-05
219290.58 1.3334024e-05
220090.18 1.3171406e-05
220889.78 1.3007596e-05
221689.38 1.2842738e-05
222488.98 1.2676731e-05
223288.58 1.2509943e-05
224088.18 1.2342501e-05
224887.78 1.2174297e-05
225687.37 1.2005446e-05
226486.97 1.1836432e-05
227286.57 1.1666784e-05
228086.17 1.1496993e-05
228885.77 1.132725e-05
229685.37 1.1157407e-05
230484.97 1.0987895e-05
231284.57 1.0818652e-05
232084.17 1.0649986e-05
232883.77 1.0481803e-05
233683.37 1.0314402e-05
234482.97 1.0148073e-05
235282.57 9.9830624e-06
236082.16 9.819388e-06
236881.76 9.657025e-06
237681.36 9.4966793e-06
238480.96 9.3381327e-06
239280.56 9.1818044e-06
240080.16 9.0281268e-06
240879.76 8.8768051e-06
241679.36 8.7286029e-06
242478.96 8.5834686e-06
243278.56 8.4420086e-06
244078.16 8.3040016e-06
244877.76 8.1702317e-06
245677.35 8.0406534e-06
246476.95 7.9157948e-06
247276.55 7.7955187e-06
248076.15 7.680806e-06
248875.75 7.5714473e-06
249675.35 7.4680956e-06
250474.95 7.3706934e-06
251274.55 7.279712e-06
252074.15 7.1955771e-06
252873.75 7.1183117e-06
253673.35 7.0484077e-06
254472.95 6.9861869e-06
255272.55 6.9311559e-06
256072.14 6.8843084e-06
256871.74 6.8457087e-06
257671.34 6.8152318e-06
258470.94 6.7930195e-06
259270.54 6.7791684e-06
260070.14 6.7737669e-06
260869.74 6.7768607e-06
261669.34 6.7882498e-06
262468.94 6.8079487e-06
263268.54 6.8354727e-06
264068.14 6.8712345e-06
264867.74 6.914811e-06
265667.33 6.965915e-06
266466.93 7.024272e-06
267266.53 7.089952e-06
268066.13 7.1622578e-06
268865.73 7.2410766e-06
269665.33 7.3263686e-06
270464.93 7.4172452e-06
271264.53 7.5139425e-06
272064.13 7.6156452e-06
272863.73 7.7227179e-06
273663.33 7.8343141e-06
274462.93 7.9503071e-06
275262.53 8.0702032e-06
276062.12 8.1938699e-06
276861.72 8.3214248e-06
277661.32 8.4520514e-06
278460.92 8.5856996e-06
279260.52 8.7218932e-06
280060.12 8.860811e-06
280859.72 9.0019165e-06
281659.32 9.1451121e-06
282458.92 9.2901563e-06
283258.52 9.4369956e-06
284058.12 9.585155e-06
284857.72 9.7346734e-06
285657.31 9.8854728e-06
286456.91 1.0037298e-05
287256.51 1.0189646e-05
288056.11 1.0342986e-05
288855.71 1.0496814e-05
289655.31 1.0651236e-05
290454.91 1.0805788e-05
291254.51 1.0960591e-05
292054.11 1.1115486e-05
292853.71 1.1270449e-05
293653.31 1.1425451e-05
294452.91 1.1580034e-05
295252.51 1.1734631e-05
296052.1 1.1888868e-05
296851.7 1.2042571e-05
297651.3 1.2195974e-05
298450.9 1.2348705e-05
299250.5 1.2500862e-05
300050.1 1.2652401e-05
300849.7 1.2803236e-05
301649.3 1.2953312e-05
302448.9 1.3102607e-05
303248.5 1.3251087e-05
304048.1 1.3398544e-05
304847.7 1.3545189e-05
305647.29 1.3690733e-05
306446.89 1.3835504e-05
307246.49 1.3979147e-05
308046.09 1.4121563e-05
308845.69 1.4262927e-05
309645.29 1.4403106e-05
310444.89 1.4542183e-05
311244.49 1.4680167e-05
312044.09 1.481661e-05
312843.69 1.4952323e-05
313643.29 1.5086187e-05
314442.89 1.5219157e-05
315242.48 1.5350463e-05
316042.08 1.5480675e-05
316841.68 1.560934e-05
317641.28 1.5736774e-05
318440.88 1.586289e-05
319240.48 1.5987499e-05
320040.08 1.6110497e-05
320839.68 1.6232203e-05
321639.28 1.6352459e-05
322438.88 1.6471227e-05
323238.48 1.6588448e-05
324038.08 1.6704205e-05
324837.68 1.6818246e-05
325637.27 1.6930809e-05
326436.87 1.7041788e-05
327236.47 1.7151154e-05
328036.07 1.7259092e-05
328835.67 1.7365122e-05
329635.27 1.7469852e-05
330434.87 1.7572425e-05
331234.47 1.7673593e-05
332034.07 1.7773208e-05
332833.67 1.7870618e-05
333633.27 1.7966915e-05
334432.87 1.8061058e-05
335232.46 1.8153492e-05
336032.06 1.8244184e-05
336831.66 1.8333107e-05
337631.26 1.8419821e-05
338430.86 1.8505046e-05
339230.46 1.8588331e-05
340030.06 1.8669669e-05
340829.66 1.8749483e-05
341629.26 1.8826863e-05
342428.86 1.8902556e-05
343228.46 1.8975912e-05
344028.06 1.9047515e-05
344827.66 1.9116983e-05
345627.25 1.9184466e-05
346426.85 1.9249945e-05
347226.45 1.9313107e-05
348026.05 1.9374364e-05
348825.65 1.9433519e-05
349625.25 1.9490441e-05
350424.85 1.954492e-05
351224.45 1.9597383e-05
352024.05 1.9647601e-05
352823.65 1.9695434e-05
353623.25 1.9741148e-05
354422.85 1.9784587e-05
355222.44 1.9825561e-05
356022.04 1.9864401e-05
356821.64 1.9900541e-05
357621.24 1.9934415e-05
358420.84 1.9965865e-05
359220.44 1.999478e-05
360020.04 2.0021193e-05
360819.64 2.0045027e-05
361619.24 2.0066571e-05
362418.84 2.0085391e-05
363218.44 2.010153e-05
364018.04 2.011509e-05
364817.64 2.0126083e-05
365617.23 2.0134473e-05
366416.83 2.0140186e-05
367216.43 2.014324e-05
368016.03 2.0143497e-05
368815.63 2.0141031e-05
369615.23 2.0135634e-05
370414.83 2.0127942e-05
371214.43 2.0117074e-05
372014.03 2.0103305e-05
372813.63 2.0086843e-05
373613.23 2.0067634e-05
374412.83 2.0045529e-05
375212.42 2.0020466e-05
376012.02 1.9992586e-05
376811.62 1.9961754e-05
377611.22 1.9928198e-05
378410.82 1.989123e-05
379210.42 1.9851688e-05
380010.02 1.9809194e-05
380809.62 1.9763695e-05
381609.22 1.97152e-05
382408.82 1.9663683e-05
383208.42 1.9609441e-05
384008.02 1.9551853e-05
384807.62 1.9491478e-05
385607.21 1.9428222e-05
386406.81 1.9361852e-05
387206.41 1.9292605e-05
388006.01 1.9220213e-05
388805.61 1.9144802e-05
389605.21 1.9066495e-05
390404.81 1.8985246e-05
391204.41 1.8900999e-05
392004.01 1.8813937e-05
392803.61 1.8723901e-05
393603.21 1.8630745e-05
394402.81 1.8534921e-05
395202.4 1.843606e-05
396002 1.833447e-05
396801.6 1.822976e-05
397601.2 1.8122415e-05
398400.8 1.8012278e-05
399200.4 1.7899305e-05
400000 1.778352e-05

